/3.2
(ODB.1
	FirstRootClassName:	"Legend"
	Roots:	2
	Version:	32
)

(Legend.2
	SymType:	0x01
	LegType:	0x08
	ClassType:	0x03
	FieldNames:	3
	Symbols:	4
	Class:	11
	Class:	12
	Class:	13
	StdDevs:	1.00000000000000
	NullSym:	14
	NullValues:	16
	StatValues:	17
	ScaleSymbols:	1
	RefScale:	100000.00000000000000
	Precision:	-3
)

(AVStr.3
	S:	"Hzacnt_typ"
)

(SymList.4
	Child:	5
	Child:	7
	Child:	9
)

(BLnSym.5
	Color:	6
	Width:	0.10000000000000
	Pattern:	0.00000000000000
	Pattern:	0.00000000000000
	Pattern:	0.00000000000000
	Pattern:	0.00000000000000
	Pattern:	0.00000000000000
	Pattern:	0.00000000000000
	Pattern:	0.00000000000000
	Pattern:	0.00000000000000
	Pattern:	0.00000000000000
	Pattern:	0.00000000000000
	Pattern:	0.00000000000000
	Pattern:	0.00000000000000
	Pattern:	0.00000000000000
	Pattern:	0.00000000000000
	Pattern:	0.00000000000000
	Pattern:	0.00000000000000
)

(TClr.6
)

(BLnSym.7
	Color:	8
	Width:	0.10000000000000
	Pattern:	0.00000000000000
	Pattern:	0.00000000000000
	Pattern:	0.00000000000000
	Pattern:	0.00000000000000
	Pattern:	0.00000000000000
	Pattern:	0.00000000000000
	Pattern:	0.00000000000000
	Pattern:	0.00000000000000
	Pattern:	0.00000000000000
	Pattern:	0.00000000000000
	Pattern:	0.00000000000000
	Pattern:	0.00000000000000
	Pattern:	0.00000000000000
	Pattern:	0.00000000000000
	Pattern:	0.00000000000000
	Pattern:	0.00000000000000
)

(TClr.8
	Red:	0xa5a5
	Green:	0xa5a5
	Blue:	0xa5a5
)

(BLnSym.9
	Color:	10
	Width:	0.10000000000000
	Pattern:	0.00000000000000
	Pattern:	0.00000000000000
	Pattern:	0.00000000000000
	Pattern:	0.00000000000000
	Pattern:	0.00000000000000
	Pattern:	0.00000000000000
	Pattern:	0.00000000000000
	Pattern:	0.00000000000000
	Pattern:	0.00000000000000
	Pattern:	0.00000000000000
	Pattern:	0.00000000000000
	Pattern:	0.00000000000000
	Pattern:	0.00000000000000
	Pattern:	0.00000000000000
	Pattern:	0.00000000000000
	Pattern:	0.00000000000000
)

(TClr.10
	Name:	"Transparent"
)

(LClass.11
	Label:	"contact"
	MinNum:	1.00000000000000
	MaxNum:	1.00000000000000
	Precision:	-3
)

(LClass.12
	Label:	"map extent"
	MinNum:	10.00000000000000
	MaxNum:	10.00000000000000
	Precision:	-3
)

(LClass.13
	IsNoData:	1
	Label:	"No Data"
	MaxNum:	-1.00000000000000
	Precision:	-3
)

(BLnSym.14
	Color:	15
	Width:	0.10000000000000
	Pattern:	0.00000000000000
	Pattern:	0.00000000000000
	Pattern:	0.00000000000000
	Pattern:	0.00000000000000
	Pattern:	0.00000000000000
	Pattern:	0.00000000000000
	Pattern:	0.00000000000000
	Pattern:	0.00000000000000
	Pattern:	0.00000000000000
	Pattern:	0.00000000000000
	Pattern:	0.00000000000000
	Pattern:	0.00000000000000
	Pattern:	0.00000000000000
	Pattern:	0.00000000000000
	Pattern:	0.00000000000000
	Pattern:	0.00000000000000
)

(TClr.15
	Name:	"Transparent"
)

(NameDict.16
)

(NameDict.17
)

